16O(p,α)13N      							
							
	Pade	Fit		Physical	Physical	1 h		Saturation
Energy	Fit	Uncert.	Energy	Yield		Yield		irradiation	Yield
MeV	mb	mb	MeV	MBq/uAh		mCi/uAh		MBq/uA		MBq/uA
6.5	0.005	0.003	6.5	8.07E-03	2.18E-04	1.90E-03	1.93E-03
6.6	0.011	0.007	6.6	2.85E-02	7.70E-04	6.72E-03	6.82E-03
6.7	0.122	0.076	6.7	2.48E-01	6.71E-03	5.86E-02	5.95E-02
6.8	0.48	0.29	6.8	1.12E+00	3.01E-02	2.63E-01	2.67E-01
6.9	1.10	0.68	6.9	3.14E+00	8.49E-02	7.41E-01	7.53E-01
7.0	2.03	1.26	7.0	6.93E+00	1.87E-01	1.63E+00	1.66E+00
7.1	3.28	2.04	7.1	1.31E+01	3.55E-01	3.10E+00	3.15E+00
7.2	4.8	3.0	7.2	2.24E+01	6.05E-01	5.28E+00	5.36E+00
7.3	6.7	4.1	7.3	3.52E+01	9.52E-01	8.31E+00	8.44E+00
7.4	8.7	5.4	7.4	5.21E+01	1.41E+00	1.23E+01	1.25E+01
7.5	10.7	6.6	7.5	7.32E+01	1.98E+00	1.73E+01	1.75E+01
7.6	12.6	7.8	7.6	9.83E+01	2.66E+00	2.32E+01	2.36E+01
7.7	14.3	8.9	7.7	1.27E+02	3.43E+00	3.00E+01	3.04E+01
7.8	16.2	10.0	7.8	1.60E+02	4.32E+00	3.77E+01	3.83E+01
7.9	152.0	94.3	7.9	4.71E+02	1.27E+01	1.11E+02	1.13E+02
8.0	51.3	20.2	8.0	5.77E+02	1.56E+01	1.36E+02	1.38E+02
8.1	38.9	15.3	8.1	6.58E+02	1.78E+01	1.55E+02	1.58E+02
8.2	37.2	14.6	8.2	7.36E+02	1.99E+01	1.74E+02	1.76E+02
8.3	36.9	14.5	8.3	8.14E+02	2.20E+01	1.92E+02	1.95E+02
8.4	36.2	14.2	8.4	8.92E+02	2.41E+01	2.10E+02	2.14E+02
8.5	34.2	13.5	8.5	9.66E+02	2.61E+01	2.28E+02	2.31E+02
8.6	30.6	12.0	8.6	1.03E+03	2.79E+01	2.44E+02	2.48E+02
8.7	25.4	10.0	8.7	1.09E+03	2.95E+01	2.57E+02	2.61E+02
8.8	19.6	7.7	8.8	1.13E+03	3.07E+01	2.68E+02	2.72E+02
8.9	14.2	5.6	8.9	1.17E+03	3.15E+01	2.75E+02	2.80E+02
9.0	10.0	1.8	9.0	1.19E+03	3.22E+01	2.81E+02	2.85E+02
9.1	7.3	1.3	9.1	1.21E+03	3.26E+01	2.85E+02	2.89E+02
9.2	5.9	1.0	9.2	1.22E+03	3.30E+01	2.88E+02	2.93E+02
9.3	5.5	1.0	9.3	1.23E+03	3.34E+01	2.91E+02	2.96E+02
9.4	5.9	1.0	9.4	1.25E+03	3.37E+01	2.95E+02	2.99E+02
9.5	6.8	1.2	9.5	1.27E+03	3.42E+01	2.98E+02	3.03E+02
9.6	8.2	1.4	9.6	1.29E+03	3.47E+01	3.03E+02	3.08E+02
9.7	9.8	1.7	9.7	1.31E+03	3.54E+01	3.09E+02	3.14E+02
9.8	11.8	2.1	9.8	1.34E+03	3.62E+01	3.16E+02	3.21E+02
9.9	14.1	2.5	9.9	1.37E+03	3.71E+01	3.24E+02	3.29E+02
10.0	16.8	2.6	10.0	1.41E+03	3.82E+01	3.34E+02	3.39E+02
10.1	19.8	3.1	10.1	1.46E+03	3.95E+01	3.45E+02	3.51E+02
10.2	23.3	3.6	10.2	1.52E+03	4.11E+01	3.59E+02	3.64E+02
10.3	27.2	4.3	10.3	1.59E+03	4.29E+01	3.74E+02	3.80E+02
10.4	31.6	5.0	10.4	1.66E+03	4.50E+01	3.93E+02	3.99E+02
10.5	36.5	5.7	10.5	1.75E+03	4.74E+01	4.14E+02	4.20E+02
10.6	41.4	6.5	10.6	1.86E+03	5.02E+01	4.38E+02	4.45E+02
10.7	46.0	7.2	10.7	1.97E+03	5.33E+01	4.66E+02	4.73E+02
10.8	49.4	7.7	10.8	2.10E+03	5.68E+01	4.96E+02	5.03E+02
10.9	50.9	8.0	10.9	2.23E+03	6.04E+01	5.27E+02	5.35E+02
11.0	50.0	3.8	11.0	2.37E+03	6.39E+01	5.58E+02	5.67E+02
11.1	47.0	3.6	11.1	2.49E+03	6.74E+01	5.88E+02	5.97E+02
11.2	42.7	3.3	11.2	2.61E+03	7.06E+01	6.16E+02	6.25E+02
11.3	38.1	2.9	11.3	2.72E+03	7.34E+01	6.41E+02	6.51E+02
11.4	33.8	2.6	11.4	2.81E+03	7.60E+01	6.64E+02	6.74E+02
11.5	30.3	2.3	11.5	2.90E+03	7.84E+01	6.84E+02	6.95E+02
11.6	27.5	2.1	11.6	2.98E+03	8.05E+01	7.03E+02	7.14E+02
11.7	25.6	2.0	11.7	3.05E+03	8.25E+01	7.20E+02	7.31E+02
11.8	24.2	1.9	11.8	3.12E+03	8.44E+01	7.37E+02	7.48E+02
11.9	23.5	1.8	11.9	3.19E+03	8.63E+01	7.53E+02	7.65E+02
12.0	23.1	1.6	12.0	3.26E+03	8.81E+01	7.69E+02	7.81E+02
12.1	23.2	1.6	12.1	3.33E+03	8.99E+01	7.85E+02	7.97E+02
12.2	23.5	1.6	12.2	3.39E+03	9.17E+01	8.01E+02	8.13E+02
12.3	23.9	1.7	12.3	3.46E+03	9.36E+01	8.17E+02	8.30E+02
12.4	24.4	1.7	12.4	3.53E+03	9.55E+01	8.33E+02	8.46E+02
12.5	24.8	1.7	12.5	3.60E+03	9.74E+01	8.50E+02	8.64E+02
12.6	25.0	1.7	12.6	3.68E+03	9.94E+01	8.67E+02	8.81E+02
12.7	24.8	1.7	12.7	3.75E+03	1.01E+02	8.84E+02	8.98E+02
12.8	24.1	1.7	12.8	3.82E+03	1.03E+02	9.01E+02	9.15E+02
12.9	22.9	1.6	12.9	3.89E+03	1.05E+02	9.17E+02	9.31E+02
13.0	21.1	1.3	13.0	3.95E+03	1.07E+02	9.32E+02	9.46E+02
13.1	19.2	1.2	13.1	4.01E+03	1.08E+02	9.45E+02	9.60E+02
13.2	17.4	1.1	13.2	4.06E+03	1.10E+02	9.58E+02	9.73E+02
13.3	16.0	1.0	13.3	4.11E+03	1.11E+02	9.69E+02	9.85E+02
13.4	15.4	1.0	13.4	4.16E+03	1.12E+02	9.81E+02	9.96E+02
13.5	15.7	1.0	13.5	4.21E+03	1.14E+02	9.92E+02	1.01E+03
13.6	16.9	1.1	13.6	4.26E+03	1.15E+02	1.00E+03	1.02E+03
13.7	19.0	1.2	13.7	4.32E+03	1.17E+02	1.02E+03	1.03E+03
13.8	22.0	1.4	13.8	4.39E+03	1.19E+02	1.04E+03	1.05E+03
13.9	25.7	1.6	13.9	4.47E+03	1.21E+02	1.06E+03	1.07E+03
14.0	29.8	2.4	14.0	4.57E+03	1.24E+02	1.08E+03	1.10E+03
14.1	33.7	2.7	14.1	4.68E+03	1.27E+02	1.10E+03	1.12E+03
14.2	36.7	2.9	14.2	4.80E+03	1.30E+02	1.13E+03	1.15E+03
14.3	37.8	3.0	14.3	4.93E+03	1.33E+02	1.16E+03	1.18E+03
14.4	36.8	2.9	14.4	5.05E+03	1.37E+02	1.19E+03	1.21E+03
14.5	34.1	2.7	14.5	5.17E+03	1.40E+02	1.22E+03	1.24E+03
14.6	30.9	2.5	14.6	5.27E+03	1.43E+02	1.24E+03	1.26E+03
14.7	28.1	2.2	14.7	5.37E+03	1.45E+02	1.27E+03	1.29E+03
14.8	26.0	2.1	14.8	5.46E+03	1.48E+02	1.29E+03	1.31E+03
14.9	24.9	2.0	14.9	5.55E+03	1.50E+02	1.31E+03	1.33E+03
15.0	24.6	1.9	15.0	5.63E+03	1.52E+02	1.33E+03	1.35E+03
15.1	24.7	1.9	15.1	5.72E+03	1.55E+02	1.35E+03	1.37E+03
15.2	24.9	1.9	15.2	5.80E+03	1.57E+02	1.37E+03	1.39E+03
15.3	24.8	1.9	15.3	5.89E+03	1.59E+02	1.39E+03	1.41E+03
15.4	24.2	1.8	15.4	5.98E+03	1.62E+02	1.41E+03	1.43E+03
15.5	22.9	1.7	15.5	6.06E+03	1.64E+02	1.43E+03	1.45E+03
15.6	21.0	1.6	15.6	6.13E+03	1.66E+02	1.45E+03	1.47E+03
15.7	18.7	1.4	15.7	6.20E+03	1.67E+02	1.46E+03	1.48E+03
15.8	16.3	1.2	15.8	6.26E+03	1.69E+02	1.48E+03	1.50E+03
15.9	13.9	1.1	15.9	6.31E+03	1.70E+02	1.49E+03	1.51E+03
16.0	11.7	0.9	16.0	6.35E+03	1.72E+02	1.50E+03	1.52E+03
16.1	9.8	0.8	16.1	6.38E+03	1.72E+02	1.51E+03	1.53E+03
16.2	8.2	0.6	16.2	6.41E+03	1.73E+02	1.51E+03	1.54E+03
16.3	6.9	0.6	16.3	6.44E+03	1.74E+02	1.52E+03	1.54E+03
16.4	6.1	0.5	16.4	6.46E+03	1.75E+02	1.52E+03	1.55E+03
16.5	5.6	0.4	16.5	6.48E+03	1.75E+02	1.53E+03	1.55E+03
16.6	5.5	0.4	16.6	6.50E+03	1.76E+02	1.53E+03	1.56E+03
16.7	5.9	0.5	16.7	6.52E+03	1.76E+02	1.54E+03	1.56E+03
16.8	6.8	0.5	16.8	6.55E+03	1.77E+02	1.54E+03	1.57E+03
16.9	8.4	0.7	16.9	6.58E+03	1.78E+02	1.55E+03	1.58E+03
17.0	10.5	0.7	17.0	6.62E+03	1.79E+02	1.56E+03	1.59E+03
17.1	13.2	0.8	17.1	6.67E+03	1.80E+02	1.57E+03	1.60E+03
17.2	15.9	1.0	17.2	6.73E+03	1.82E+02	1.59E+03	1.61E+03
17.3	18.1	1.1	17.3	6.80E+03	1.84E+02	1.60E+03	1.63E+03
17.4	19.1	1.2	17.4	6.87E+03	1.86E+02	1.62E+03	1.65E+03
17.5	18.8	1.2	17.5	6.95E+03	1.88E+02	1.64E+03	1.66E+03
17.6	17.4	1.1	17.6	7.02E+03	1.90E+02	1.66E+03	1.68E+03
17.7	15.4	1.0	17.7	7.08E+03	1.91E+02	1.67E+03	1.70E+03
17.8	13.3	0.8	17.8	7.13E+03	1.93E+02	1.68E+03	1.71E+03
17.9	11.3	0.7	17.9	7.17E+03	1.94E+02	1.69E+03	1.72E+03
18.0	9.7	0.9	18.0	7.21E+03	1.95E+02	1.70E+03	1.73E+03
18.1	8.2	0.8	18.1	7.25E+03	1.96E+02	1.71E+03	1.74E+03
18.2	6.9	0.6	18.2	7.27E+03	1.97E+02	1.72E+03	1.74E+03
18.3	5.8	0.5	18.3	7.30E+03	1.97E+02	1.72E+03	1.75E+03
18.4	4.8	0.4	18.4	7.32E+03	1.98E+02	1.73E+03	1.75E+03
18.5	3.9	0.4	18.5	7.33E+03	1.98E+02	1.73E+03	1.76E+03
