# Residual cross-sections stored in JENDL-4.0/HE
# p + N-14

# Production of neutrons
# E_in [eV]   sigma[barns]
2.479400e+06  0.000000e+00
3.000000e+06  0.000000e+00
4.000000e+06  0.000000e+00
5.000000e+06  0.000000e+00
6.000000e+06  0.000000e+00
6.351390e+06  0.000000e+00
7.000000e+06  5.856701e-03
8.000000e+06  2.427300e-02
9.000000e+06  4.645698e-02
1.000000e+07  6.604193e-02
1.100000e+07  7.986403e-02
1.200000e+07  9.483281e-02
1.300000e+07  1.117601e-01
1.400000e+07  1.275301e-01
1.500000e+07  1.456500e-01
1.600000e+07  1.622402e-01
1.700000e+07  1.761297e-01
1.800000e+07  1.898298e-01
1.900000e+07  2.013094e-01
2.000000e+07  2.126800e-01
2.200000e+07  2.222702e-01
2.400000e+07  2.318598e-01
2.600000e+07  2.414501e-01
2.800000e+07  2.510399e-01
3.000000e+07  2.606298e-01
3.200000e+07  2.611510e-01
3.400000e+07  2.616721e-01
3.600000e+07  2.621928e-01
3.800000e+07  2.627141e-01
4.000000e+07  2.632351e-01
4.200000e+07  2.637560e-01
4.400000e+07  2.642768e-01
4.600000e+07  2.647980e-01
4.800000e+07  2.653192e-01
5.000000e+07  2.658400e-01
5.500000e+07  2.647300e-01
6.000000e+07  2.636199e-01
6.500000e+07  2.621792e-01
7.000000e+07  2.607301e-01
8.000000e+07  2.578401e-01
9.000000e+07  2.562751e-01
1.000000e+08  2.547100e-01
1.100000e+08  2.540749e-01
1.200000e+08  2.534400e-01
1.300000e+08  2.536657e-01
1.400000e+08  2.538928e-01
1.500000e+08  2.541201e-01
2.000000e+08  2.624507e-01


# Production of H-1
# E_in [eV]   sigma[barns]
2.479400e+06  0.000000e+00
3.000000e+06  1.023600e-01
4.000000e+06  2.649001e-01
5.000000e+06  4.119498e-01
6.000000e+06  5.047498e-01
7.000000e+06  5.530001e-01
8.000000e+06  5.607901e-01
9.000000e+06  5.591000e-01
1.000000e+07  5.621398e-01
1.100000e+07  5.958901e-01
1.200000e+07  6.367895e-01
1.300000e+07  6.524727e-01
1.400000e+07  6.397006e-01
1.500000e+07  6.298483e-01
1.600000e+07  6.158390e-01
1.700000e+07  5.939179e-01
1.800000e+07  5.713580e-01
1.900000e+07  5.484379e-01
2.000000e+07  5.252217e-01
2.200000e+07  5.310979e-01
2.400000e+07  5.369785e-01
2.600000e+07  5.428580e-01
2.800000e+07  5.487417e-01
3.000000e+07  5.546192e-01
3.200000e+07  5.486009e-01
3.400000e+07  5.425859e-01
3.600000e+07  5.365709e-01
3.800000e+07  5.305531e-01
4.000000e+07  5.245344e-01
4.200000e+07  5.185171e-01
4.400000e+07  5.124993e-01
4.600000e+07  5.064828e-01
4.800000e+07  5.004659e-01
5.000000e+07  4.944486e-01
5.500000e+07  4.838438e-01
6.000000e+07  4.732410e-01
6.500000e+07  4.656272e-01
7.000000e+07  4.579998e-01
8.000000e+07  4.427596e-01
9.000000e+07  4.354093e-01
1.000000e+08  4.280604e-01
1.100000e+08  4.246202e-01
1.200000e+08  4.211808e-01
1.300000e+08  4.215375e-01
1.400000e+08  4.218936e-01
1.500000e+08  4.222500e-01
2.000000e+08  4.404960e-01


# Production of H-2
# E_in [eV]   sigma[barns]
2.479400e+06  0.000000e+00
3.000000e+06  0.000000e+00
4.000000e+06  0.000000e+00
5.000000e+06  0.000000e+00
6.000000e+06  0.000000e+00
7.000000e+06  0.000000e+00
8.000000e+06  0.000000e+00
8.927820e+06  0.000000e+00
9.000000e+06  0.000000e+00
1.000000e+07  1.027799e-14
1.100000e+07  4.168903e-09
1.200000e+07  1.690999e-03
1.300000e+07  4.970800e-03
1.400000e+07  6.645014e-03
1.500000e+07  1.893998e-02
1.600000e+07  1.890998e-02
1.700000e+07  1.887516e-02
1.800000e+07  1.881999e-02
1.900000e+07  1.961030e-02
2.000000e+07  2.039002e-02
2.200000e+07  3.101000e-02
2.400000e+07  3.858000e-02
2.600000e+07  4.272999e-02
2.800000e+07  4.525999e-02
3.000000e+07  4.713998e-02
3.200000e+07  4.855984e-02
3.400000e+07  4.957017e-02
3.600000e+07  5.027991e-02
3.800000e+07  5.081019e-02
4.000000e+07  5.110014e-02
4.200000e+07  5.119990e-02
4.400000e+07  5.086988e-02
4.600000e+07  5.075014e-02
4.800000e+07  5.058990e-02
5.000000e+07  5.025014e-02
5.500000e+07  4.939002e-02
6.000000e+07  4.760984e-02
6.500000e+07  4.507074e-02
7.000000e+07  4.204004e-02
8.000000e+07  3.539996e-02
9.000000e+07  2.983008e-02
1.000000e+08  2.684994e-02
1.100000e+08  2.473001e-02
1.200000e+08  2.314001e-02
1.300000e+08  2.182001e-02
1.400000e+08  2.045000e-02
1.500000e+08  2.019000e-02
2.000000e+08  2.011562e-02


# Production of H-3
# E_in [eV]   sigma[barns]
2.479400e+06  0.000000e+00
3.000000e+06  0.000000e+00
4.000000e+06  0.000000e+00
5.000000e+06  0.000000e+00
6.000000e+06  0.000000e+00
7.000000e+06  0.000000e+00
8.000000e+06  0.000000e+00
9.000000e+06  0.000000e+00
1.000000e+07  0.000000e+00
1.100000e+07  0.000000e+00
1.200000e+07  0.000000e+00
1.300000e+07  0.000000e+00
1.400000e+07  0.000000e+00
1.500000e+07  0.000000e+00
1.600000e+07  0.000000e+00
1.800000e+07  0.000000e+00
2.000000e+07  0.000000e+00
2.200000e+07  0.000000e+00
2.372770e+07  0.000000e+00
2.400000e+07  0.000000e+00
2.600000e+07  0.000000e+00
2.800000e+07  0.000000e+00
3.000000e+07  8.241000e-06
3.200000e+07  7.330009e-05
3.400000e+07  2.039000e-04
3.600000e+07  4.058999e-04
3.800000e+07  6.695986e-04
4.000000e+07  9.877018e-04
4.200000e+07  1.353001e-03
4.400000e+07  1.756000e-03
4.600000e+07  2.195000e-03
4.800000e+07  2.664999e-03
5.000000e+07  3.182001e-03
5.500000e+07  4.509016e-03
6.000000e+07  5.926002e-03
6.500000e+07  7.368118e-03
7.000000e+07  8.472986e-03
8.000000e+07  8.328988e-03
9.000000e+07  7.171998e-03
1.000000e+08  5.698997e-03
1.100000e+08  5.567154e-03
1.200000e+08  5.435314e-03
1.300000e+08  5.303475e-03
1.400000e+08  5.171630e-03
1.500000e+08  5.039801e-03
2.000000e+08  5.552830e-03


# Production of He-3
# E_in [eV]   sigma[barns]
2.479400e+06  0.000000e+00
3.000000e+06  0.000000e+00
4.000000e+06  0.000000e+00
5.000000e+06  0.000000e+00
5.122490e+06  0.000000e+00
6.000000e+06  0.000000e+00
7.000000e+06  0.000000e+00
8.000000e+06  0.000000e+00
9.000000e+06  0.000000e+00
1.000000e+07  3.165002e-07
1.100000e+07  4.765997e-06
1.200000e+07  3.558999e-05
1.300000e+07  1.066003e-04
1.400000e+07  2.075001e-04
1.500000e+07  3.450001e-04
1.600000e+07  5.948988e-04
1.700000e+07  1.350674e-03
1.800000e+07  2.105000e-03
1.900000e+07  2.831268e-03
2.000000e+07  3.556002e-03
2.200000e+07  4.591998e-03
2.400000e+07  5.551007e-03
2.600000e+07  6.395995e-03
2.800000e+07  7.159003e-03
3.000000e+07  7.827011e-03
3.200000e+07  8.415014e-03
3.400000e+07  8.875996e-03
3.600000e+07  9.230990e-03
3.800000e+07  9.564980e-03
4.000000e+07  9.845002e-03
4.200000e+07  1.006000e-02
4.400000e+07  1.012001e-02
4.600000e+07  1.026999e-02
4.800000e+07  1.037000e-02
5.000000e+07  1.031998e-02
5.500000e+07  1.025999e-02
6.000000e+07  9.846006e-03
6.500000e+07  9.230139e-03
7.000000e+07  8.688008e-03
8.000000e+07  7.663008e-03
9.000000e+07  7.636340e-03
1.000000e+08  7.609693e-03
1.100000e+08  8.173911e-03
1.200000e+08  8.738090e-03
1.300000e+08  9.125788e-03
1.400000e+08  9.513498e-03
1.500000e+08  9.901199e-03
2.000000e+08  1.023951e-02


# Production of He-4
# E_in [eV]   sigma[barns]
2.479400e+06  0.000000e+00
3.000000e+06  0.000000e+00
3.131900e+06  0.000000e+00
4.000000e+06  0.000000e+00
5.000000e+06  0.000000e+00
6.000000e+06  1.650002e-05
7.000000e+06  2.199999e-04
8.000000e+06  7.271984e-04
9.000000e+06  1.477001e-03
1.000000e+07  2.441002e-03
1.100000e+07  8.503787e-03
1.200000e+07  4.008200e-02
1.300000e+07  1.016098e-01
1.400000e+07  1.417897e-01
1.500000e+07  1.644897e-01
1.600000e+07  1.834598e-01
1.700000e+07  1.952900e-01
1.800000e+07  2.069102e-01
1.900000e+07  2.135031e-01
2.000000e+07  2.199802e-01
2.200000e+07  2.198799e-01
2.400000e+07  2.168298e-01
2.600000e+07  2.087101e-01
2.800000e+07  2.022900e-01
3.000000e+07  1.961201e-01
3.200000e+07  1.912201e-01
3.400000e+07  1.850501e-01
3.600000e+07  1.780400e-01
3.800000e+07  1.729400e-01
4.000000e+07  1.681602e-01
4.200000e+07  1.666161e-01
4.400000e+07  1.650721e-01
4.600000e+07  1.635281e-01
4.800000e+07  1.619840e-01
5.000000e+07  1.604400e-01
5.500000e+07  1.666901e-01
6.000000e+07  1.729400e-01
6.500000e+07  1.722852e-01
7.000000e+07  1.716251e-01
8.000000e+07  1.703101e-01
9.000000e+07  1.663700e-01
1.000000e+08  1.624299e-01
1.100000e+08  1.598850e-01
1.200000e+08  1.573401e-01
1.300000e+08  1.565599e-01
1.400000e+08  1.557800e-01
1.500000e+08  1.550000e-01
2.000000e+08  1.520845e-01


# Production of He-6
# E_in [eV]   sigma[barns]
2.479400e+06  0.000000e+00
3.000000e+06  0.000000e+00
4.000000e+06  0.000000e+00
5.000000e+06  0.000000e+00
6.000000e+06  0.000000e+00
7.000000e+06  0.000000e+00
8.000000e+06  0.000000e+00
9.000000e+06  0.000000e+00
1.000000e+07  0.000000e+00
1.100000e+07  0.000000e+00
1.200000e+07  0.000000e+00
1.300000e+07  0.000000e+00
1.400000e+07  0.000000e+00
1.500000e+07  0.000000e+00
1.600000e+07  0.000000e+00
1.800000e+07  0.000000e+00
2.000000e+07  0.000000e+00
2.200000e+07  0.000000e+00
2.400000e+07  0.000000e+00
2.600000e+07  0.000000e+00
2.800000e+07  0.000000e+00
3.000000e+07  0.000000e+00
3.200000e+07  0.000000e+00
3.400000e+07  0.000000e+00
3.600000e+07  0.000000e+00
3.800000e+07  0.000000e+00
4.000000e+07  0.000000e+00
4.200000e+07  0.000000e+00
4.400000e+07  0.000000e+00
4.600000e+07  0.000000e+00
4.800000e+07  0.000000e+00
5.000000e+07  0.000000e+00
5.500000e+07  0.000000e+00
6.000000e+07  0.000000e+00
6.500000e+07  0.000000e+00
7.000000e+07  0.000000e+00
8.000000e+07  0.000000e+00
9.000000e+07  0.000000e+00
1.000000e+08  0.000000e+00
1.100000e+08  0.000000e+00
1.200000e+08  0.000000e+00
1.300000e+08  0.000000e+00
1.400000e+08  0.000000e+00
1.500000e+08  2.869703e-04
2.000000e+08  3.714093e-04


# Production of He-8
# E_in [eV]   sigma[barns]
2.479400e+06  0.000000e+00
3.000000e+06  0.000000e+00
4.000000e+06  0.000000e+00
5.000000e+06  0.000000e+00
6.000000e+06  0.000000e+00
7.000000e+06  0.000000e+00
8.000000e+06  0.000000e+00
9.000000e+06  0.000000e+00
1.000000e+07  0.000000e+00
1.100000e+07  0.000000e+00
1.200000e+07  0.000000e+00
1.300000e+07  0.000000e+00
1.400000e+07  0.000000e+00
1.500000e+07  0.000000e+00
1.600000e+07  0.000000e+00
1.800000e+07  0.000000e+00
2.000000e+07  0.000000e+00
2.200000e+07  0.000000e+00
2.400000e+07  0.000000e+00
2.600000e+07  0.000000e+00
2.800000e+07  0.000000e+00
3.000000e+07  0.000000e+00
3.200000e+07  0.000000e+00
3.400000e+07  0.000000e+00
3.600000e+07  0.000000e+00
3.800000e+07  0.000000e+00
4.000000e+07  0.000000e+00
4.200000e+07  0.000000e+00
4.400000e+07  0.000000e+00
4.600000e+07  0.000000e+00
4.800000e+07  0.000000e+00
5.000000e+07  0.000000e+00
5.500000e+07  0.000000e+00
6.000000e+07  0.000000e+00
6.500000e+07  0.000000e+00
7.000000e+07  0.000000e+00
8.000000e+07  0.000000e+00
9.000000e+07  0.000000e+00
1.000000e+08  0.000000e+00
1.100000e+08  0.000000e+00
1.200000e+08  0.000000e+00
1.300000e+08  0.000000e+00
1.400000e+08  0.000000e+00
1.500000e+08  3.663450e-06
2.000000e+08  1.221741e-05


# Production of Li-6
# E_in [eV]   sigma[barns]
2.479400e+06  0.000000e+00
3.000000e+06  0.000000e+00
4.000000e+06  0.000000e+00
5.000000e+06  0.000000e+00
6.000000e+06  0.000000e+00
7.000000e+06  0.000000e+00
8.000000e+06  0.000000e+00
9.000000e+06  0.000000e+00
1.000000e+07  0.000000e+00
1.100000e+07  0.000000e+00
1.200000e+07  0.000000e+00
1.300000e+07  0.000000e+00
1.400000e+07  0.000000e+00
1.500000e+07  0.000000e+00
1.600000e+07  0.000000e+00
1.800000e+07  0.000000e+00
2.000000e+07  0.000000e+00
2.200000e+07  0.000000e+00
2.400000e+07  0.000000e+00
2.600000e+07  0.000000e+00
2.800000e+07  0.000000e+00
3.000000e+07  0.000000e+00
3.200000e+07  0.000000e+00
3.400000e+07  0.000000e+00
3.600000e+07  0.000000e+00
3.800000e+07  0.000000e+00
4.000000e+07  0.000000e+00
4.200000e+07  0.000000e+00
4.400000e+07  0.000000e+00
4.600000e+07  0.000000e+00
4.800000e+07  0.000000e+00
5.000000e+07  0.000000e+00
5.500000e+07  0.000000e+00
6.000000e+07  0.000000e+00
6.500000e+07  0.000000e+00
7.000000e+07  0.000000e+00
8.000000e+07  0.000000e+00
9.000000e+07  0.000000e+00
1.000000e+08  0.000000e+00
1.100000e+08  0.000000e+00
1.200000e+08  0.000000e+00
1.300000e+08  0.000000e+00
1.400000e+08  0.000000e+00
1.500000e+08  9.505432e-03
2.000000e+08  9.051879e-03


# Production of Li-7
# E_in [eV]   sigma[barns]
2.479400e+06  0.000000e+00
3.000000e+06  0.000000e+00
4.000000e+06  0.000000e+00
5.000000e+06  0.000000e+00
6.000000e+06  0.000000e+00
7.000000e+06  0.000000e+00
8.000000e+06  0.000000e+00
9.000000e+06  0.000000e+00
1.000000e+07  0.000000e+00
1.100000e+07  0.000000e+00
1.200000e+07  0.000000e+00
1.300000e+07  0.000000e+00
1.400000e+07  0.000000e+00
1.500000e+07  0.000000e+00
1.600000e+07  0.000000e+00
1.800000e+07  0.000000e+00
2.000000e+07  0.000000e+00
2.200000e+07  0.000000e+00
2.400000e+07  0.000000e+00
2.600000e+07  0.000000e+00
2.800000e+07  0.000000e+00
3.000000e+07  0.000000e+00
3.200000e+07  0.000000e+00
3.400000e+07  0.000000e+00
3.600000e+07  0.000000e+00
3.800000e+07  0.000000e+00
4.000000e+07  0.000000e+00
4.200000e+07  0.000000e+00
4.400000e+07  0.000000e+00
4.600000e+07  0.000000e+00
4.800000e+07  0.000000e+00
5.000000e+07  0.000000e+00
5.500000e+07  0.000000e+00
6.000000e+07  0.000000e+00
6.500000e+07  0.000000e+00
7.000000e+07  0.000000e+00
8.000000e+07  0.000000e+00
9.000000e+07  0.000000e+00
1.000000e+08  0.000000e+00
1.100000e+08  0.000000e+00
1.200000e+08  0.000000e+00
1.300000e+08  0.000000e+00
1.400000e+08  0.000000e+00
1.500000e+08  3.391134e-03
2.000000e+08  3.593751e-03


# Production of Li-8
# E_in [eV]   sigma[barns]
2.479400e+06  0.000000e+00
3.000000e+06  0.000000e+00
4.000000e+06  0.000000e+00
5.000000e+06  0.000000e+00
6.000000e+06  0.000000e+00
7.000000e+06  0.000000e+00
8.000000e+06  0.000000e+00
9.000000e+06  0.000000e+00
1.000000e+07  0.000000e+00
1.100000e+07  0.000000e+00
1.200000e+07  0.000000e+00
1.300000e+07  0.000000e+00
1.400000e+07  0.000000e+00
1.500000e+07  0.000000e+00
1.600000e+07  0.000000e+00
1.800000e+07  0.000000e+00
2.000000e+07  0.000000e+00
2.200000e+07  0.000000e+00
2.400000e+07  0.000000e+00
2.600000e+07  0.000000e+00
2.800000e+07  0.000000e+00
3.000000e+07  0.000000e+00
3.200000e+07  0.000000e+00
3.400000e+07  0.000000e+00
3.600000e+07  0.000000e+00
3.800000e+07  0.000000e+00
4.000000e+07  0.000000e+00
4.200000e+07  0.000000e+00
4.400000e+07  0.000000e+00
4.600000e+07  0.000000e+00
4.800000e+07  0.000000e+00
5.000000e+07  0.000000e+00
5.500000e+07  0.000000e+00
6.000000e+07  0.000000e+00
6.500000e+07  0.000000e+00
7.000000e+07  0.000000e+00
8.000000e+07  0.000000e+00
9.000000e+07  0.000000e+00
1.000000e+08  0.000000e+00
1.100000e+08  0.000000e+00
1.200000e+08  0.000000e+00
1.300000e+08  0.000000e+00
1.400000e+08  0.000000e+00
1.500000e+08  2.881914e-04
2.000000e+08  3.255940e-04


# Production of Li-9
# E_in [eV]   sigma[barns]
2.479400e+06  0.000000e+00
3.000000e+06  0.000000e+00
4.000000e+06  0.000000e+00
5.000000e+06  0.000000e+00
6.000000e+06  0.000000e+00
7.000000e+06  0.000000e+00
8.000000e+06  0.000000e+00
9.000000e+06  0.000000e+00
1.000000e+07  0.000000e+00
1.100000e+07  0.000000e+00
1.200000e+07  0.000000e+00
1.300000e+07  0.000000e+00
1.400000e+07  0.000000e+00
1.500000e+07  0.000000e+00
1.600000e+07  0.000000e+00
1.800000e+07  0.000000e+00
2.000000e+07  0.000000e+00
2.200000e+07  0.000000e+00
2.400000e+07  0.000000e+00
2.600000e+07  0.000000e+00
2.800000e+07  0.000000e+00
3.000000e+07  0.000000e+00
3.200000e+07  0.000000e+00
3.400000e+07  0.000000e+00
3.600000e+07  0.000000e+00
3.800000e+07  0.000000e+00
4.000000e+07  0.000000e+00
4.200000e+07  0.000000e+00
4.400000e+07  0.000000e+00
4.600000e+07  0.000000e+00
4.800000e+07  0.000000e+00
5.000000e+07  0.000000e+00
5.500000e+07  0.000000e+00
6.000000e+07  0.000000e+00
6.500000e+07  0.000000e+00
7.000000e+07  0.000000e+00
8.000000e+07  0.000000e+00
9.000000e+07  0.000000e+00
1.000000e+08  0.000000e+00
1.100000e+08  0.000000e+00
1.200000e+08  0.000000e+00
1.300000e+08  0.000000e+00
1.400000e+08  0.000000e+00
1.500000e+08  4.640370e-05
2.000000e+08  1.050697e-04


# Production of Be-6
# E_in [eV]   sigma[barns]
2.479400e+06  0.000000e+00
3.000000e+06  0.000000e+00
4.000000e+06  0.000000e+00
5.000000e+06  0.000000e+00
6.000000e+06  0.000000e+00
7.000000e+06  0.000000e+00
8.000000e+06  0.000000e+00
9.000000e+06  0.000000e+00
1.000000e+07  0.000000e+00
1.100000e+07  0.000000e+00
1.200000e+07  0.000000e+00
1.300000e+07  0.000000e+00
1.400000e+07  0.000000e+00
1.500000e+07  0.000000e+00
1.600000e+07  0.000000e+00
1.800000e+07  0.000000e+00
2.000000e+07  0.000000e+00
2.200000e+07  0.000000e+00
2.400000e+07  0.000000e+00
2.600000e+07  0.000000e+00
2.800000e+07  0.000000e+00
3.000000e+07  0.000000e+00
3.200000e+07  0.000000e+00
3.400000e+07  0.000000e+00
3.600000e+07  0.000000e+00
3.800000e+07  0.000000e+00
4.000000e+07  0.000000e+00
4.200000e+07  0.000000e+00
4.400000e+07  0.000000e+00
4.600000e+07  0.000000e+00
4.800000e+07  0.000000e+00
5.000000e+07  0.000000e+00
5.500000e+07  0.000000e+00
6.000000e+07  0.000000e+00
6.500000e+07  0.000000e+00
7.000000e+07  0.000000e+00
8.000000e+07  0.000000e+00
9.000000e+07  0.000000e+00
1.000000e+08  0.000000e+00
1.100000e+08  0.000000e+00
1.200000e+08  0.000000e+00
1.300000e+08  0.000000e+00
1.400000e+08  0.000000e+00
1.500000e+08  5.605079e-04
2.000000e+08  6.212553e-04


# Production of Be-7
# E_in [eV]   sigma[barns]
1.122000e+07  0.000000e+00
1.200000e+07  8.802835e-04
1.300000e+07  1.993877e-03
1.400000e+07  3.000014e-03
1.500000e+07  1.300016e-02
1.600000e+07  2.200003e-02
1.800000e+07  4.200007e-02
2.000000e+07  4.226298e-02
2.200000e+07  4.324637e-02
2.400000e+07  3.915318e-02
2.600000e+07  3.364661e-02
2.800000e+07  2.782460e-02
3.000000e+07  2.168467e-02
3.200000e+07  1.700210e-02
3.400000e+07  1.397034e-02
3.600000e+07  1.192070e-02
3.800000e+07  1.036143e-02
4.000000e+07  9.873633e-03
4.200000e+07  9.999927e-03
4.400000e+07  1.010013e-02
4.600000e+07  1.024315e-02
4.800000e+07  1.084054e-02
5.000000e+07  1.056905e-02
5.500000e+07  1.125304e-02
6.000000e+07  1.157163e-02
6.500000e+07  1.164267e-02
7.000000e+07  1.218678e-02
8.000000e+07  1.164666e-02
9.000000e+07  1.115199e-02
1.000000e+08  1.072376e-02
1.100000e+08  1.047687e-02
1.200000e+08  1.031838e-02
1.300000e+08  1.032891e-02
1.400000e+08  1.038244e-02
1.500000e+08  1.030309e-02
2.000000e+08  9.934599e-03


# Production of Be-9
# E_in [eV]   sigma[barns]
2.479400e+06  0.000000e+00
3.000000e+06  0.000000e+00
4.000000e+06  0.000000e+00
5.000000e+06  0.000000e+00
6.000000e+06  0.000000e+00
7.000000e+06  0.000000e+00
8.000000e+06  0.000000e+00
9.000000e+06  0.000000e+00
1.000000e+07  0.000000e+00
1.100000e+07  0.000000e+00
1.200000e+07  0.000000e+00
1.300000e+07  0.000000e+00
1.400000e+07  0.000000e+00
1.500000e+07  0.000000e+00
1.600000e+07  0.000000e+00
1.800000e+07  0.000000e+00
2.000000e+07  0.000000e+00
2.200000e+07  0.000000e+00
2.400000e+07  0.000000e+00
2.600000e+07  0.000000e+00
2.800000e+07  0.000000e+00
3.000000e+07  0.000000e+00
3.200000e+07  0.000000e+00
3.400000e+07  0.000000e+00
3.600000e+07  0.000000e+00
3.800000e+07  0.000000e+00
4.000000e+07  0.000000e+00
4.200000e+07  0.000000e+00
4.400000e+07  0.000000e+00
4.600000e+07  0.000000e+00
4.800000e+07  0.000000e+00
5.000000e+07  0.000000e+00
5.500000e+07  0.000000e+00
6.000000e+07  0.000000e+00
6.500000e+07  0.000000e+00
7.000000e+07  0.000000e+00
8.000000e+07  0.000000e+00
9.000000e+07  0.000000e+00
1.000000e+08  0.000000e+00
1.100000e+08  0.000000e+00
1.200000e+08  0.000000e+00
1.300000e+08  0.000000e+00
1.400000e+08  0.000000e+00
1.500000e+08  1.901331e-03
2.000000e+08  1.865599e-03


# Production of Be-10
# E_in [eV]   sigma[barns]
3.426600e+07  0.000000e+00
3.600000e+07  1.072405e-05
3.800000e+07  2.250004e-05
4.000000e+07  2.912384e-05
4.200000e+07  3.545452e-05
4.400000e+07  4.926917e-05
4.600000e+07  6.504725e-05
4.800000e+07  8.481516e-05
5.000000e+07  1.053500e-04
5.500000e+07  1.564882e-04
6.000000e+07  2.079691e-04
6.500000e+07  2.770060e-04
7.000000e+07  3.227061e-04
8.000000e+07  4.043687e-04
9.000000e+07  4.751875e-04
1.000000e+08  4.868182e-04
1.100000e+08  5.154411e-04
1.200000e+08  5.435212e-04
1.300000e+08  5.721259e-04
1.400000e+08  6.004530e-04
1.500000e+08  6.285503e-04
2.000000e+08  7.881241e-04


# Production of Be-11
# E_in [eV]   sigma[barns]
4.199800e+07  0.000000e+00
4.200000e+07  3.477594e-09
4.400000e+07  3.404039e-06
4.600000e+07  6.660907e-06
4.800000e+07  9.787209e-06
5.000000e+07  1.279498e-05
5.500000e+07  2.364719e-05
6.000000e+07  3.369026e-05
6.500000e+07  5.237813e-05
7.000000e+07  6.998935e-05
8.000000e+07  1.025911e-04
9.000000e+07  1.326953e-04
1.000000e+08  1.609399e-04
1.100000e+08  1.640288e-04
1.200000e+08  1.672289e-04
1.300000e+08  1.767091e-04
1.400000e+08  1.860869e-04
1.500000e+08  1.953791e-04
2.000000e+08  2.952435e-04


# Production of B-6
# E_in [eV]   sigma[barns]
2.479400e+06  0.000000e+00
3.000000e+06  0.000000e+00
4.000000e+06  0.000000e+00
5.000000e+06  0.000000e+00
6.000000e+06  0.000000e+00
7.000000e+06  0.000000e+00
8.000000e+06  0.000000e+00
9.000000e+06  0.000000e+00
1.000000e+07  0.000000e+00
1.100000e+07  0.000000e+00
1.200000e+07  0.000000e+00
1.300000e+07  0.000000e+00
1.400000e+07  0.000000e+00
1.500000e+07  0.000000e+00
1.600000e+07  0.000000e+00
1.800000e+07  0.000000e+00
2.000000e+07  0.000000e+00
2.200000e+07  0.000000e+00
2.400000e+07  0.000000e+00
2.600000e+07  0.000000e+00
2.800000e+07  0.000000e+00
3.000000e+07  0.000000e+00
3.200000e+07  0.000000e+00
3.400000e+07  0.000000e+00
3.600000e+07  0.000000e+00
3.800000e+07  0.000000e+00
4.000000e+07  0.000000e+00
4.200000e+07  0.000000e+00
4.400000e+07  0.000000e+00
4.600000e+07  0.000000e+00
4.800000e+07  0.000000e+00
5.000000e+07  0.000000e+00
5.500000e+07  0.000000e+00
6.000000e+07  0.000000e+00
6.500000e+07  0.000000e+00
7.000000e+07  0.000000e+00
8.000000e+07  0.000000e+00
9.000000e+07  0.000000e+00
1.000000e+08  0.000000e+00
1.100000e+08  0.000000e+00
1.200000e+08  0.000000e+00
1.300000e+08  0.000000e+00
1.400000e+08  0.000000e+00
1.500000e+08  1.099035e-05
2.000000e+08  1.893699e-05


# Production of B-8
# E_in [eV]   sigma[barns]
2.479400e+06  0.000000e+00
3.000000e+06  0.000000e+00
4.000000e+06  0.000000e+00
5.000000e+06  0.000000e+00
6.000000e+06  0.000000e+00
7.000000e+06  0.000000e+00
8.000000e+06  0.000000e+00
9.000000e+06  0.000000e+00
1.000000e+07  0.000000e+00
1.100000e+07  0.000000e+00
1.200000e+07  0.000000e+00
1.300000e+07  0.000000e+00
1.400000e+07  0.000000e+00
1.500000e+07  0.000000e+00
1.600000e+07  0.000000e+00
1.800000e+07  0.000000e+00
2.000000e+07  0.000000e+00
2.200000e+07  0.000000e+00
2.400000e+07  0.000000e+00
2.600000e+07  0.000000e+00
2.800000e+07  0.000000e+00
3.000000e+07  0.000000e+00
3.200000e+07  0.000000e+00
3.400000e+07  0.000000e+00
3.600000e+07  0.000000e+00
3.800000e+07  0.000000e+00
4.000000e+07  0.000000e+00
4.200000e+07  0.000000e+00
4.400000e+07  0.000000e+00
4.600000e+07  0.000000e+00
4.800000e+07  0.000000e+00
5.000000e+07  0.000000e+00
5.500000e+07  0.000000e+00
6.000000e+07  0.000000e+00
6.500000e+07  0.000000e+00
7.000000e+07  0.000000e+00
8.000000e+07  0.000000e+00
9.000000e+07  0.000000e+00
1.000000e+08  0.000000e+00
1.100000e+08  0.000000e+00
1.200000e+08  0.000000e+00
1.300000e+08  0.000000e+00
1.400000e+08  0.000000e+00
1.500000e+08  9.060933e-04
2.000000e+08  8.875948e-04


# Production of B-10
# E_in [eV]   sigma[barns]
2.479400e+06  0.000000e+00
3.000000e+06  0.000000e+00
4.000000e+06  0.000000e+00
5.000000e+06  0.000000e+00
6.000000e+06  0.000000e+00
7.000000e+06  0.000000e+00
8.000000e+06  0.000000e+00
9.000000e+06  0.000000e+00
1.000000e+07  0.000000e+00
1.100000e+07  0.000000e+00
1.200000e+07  0.000000e+00
1.300000e+07  0.000000e+00
1.400000e+07  0.000000e+00
1.500000e+07  0.000000e+00
1.600000e+07  0.000000e+00
1.800000e+07  0.000000e+00
2.000000e+07  0.000000e+00
2.200000e+07  0.000000e+00
2.400000e+07  0.000000e+00
2.600000e+07  0.000000e+00
2.800000e+07  0.000000e+00
3.000000e+07  0.000000e+00
3.200000e+07  0.000000e+00
3.400000e+07  0.000000e+00
3.600000e+07  0.000000e+00
3.800000e+07  0.000000e+00
4.000000e+07  0.000000e+00
4.200000e+07  0.000000e+00
4.400000e+07  0.000000e+00
4.600000e+07  0.000000e+00
4.800000e+07  0.000000e+00
5.000000e+07  0.000000e+00
5.500000e+07  0.000000e+00
6.000000e+07  0.000000e+00
6.500000e+07  0.000000e+00
7.000000e+07  0.000000e+00
8.000000e+07  0.000000e+00
9.000000e+07  0.000000e+00
1.000000e+08  0.000000e+00
1.100000e+08  0.000000e+00
1.200000e+08  0.000000e+00
1.300000e+08  0.000000e+00
1.400000e+08  0.000000e+00
1.500000e+08  4.841860e-03
2.000000e+08  4.513111e-03


# Production of B-11
# E_in [eV]   sigma[barns]
2.479400e+06  0.000000e+00
3.000000e+06  0.000000e+00
4.000000e+06  0.000000e+00
5.000000e+06  0.000000e+00
6.000000e+06  0.000000e+00
7.000000e+06  0.000000e+00
8.000000e+06  0.000000e+00
9.000000e+06  0.000000e+00
1.000000e+07  0.000000e+00
1.100000e+07  0.000000e+00
1.200000e+07  0.000000e+00
1.300000e+07  0.000000e+00
1.400000e+07  0.000000e+00
1.500000e+07  0.000000e+00
1.600000e+07  0.000000e+00
1.800000e+07  0.000000e+00
2.000000e+07  0.000000e+00
2.200000e+07  0.000000e+00
2.400000e+07  0.000000e+00
2.600000e+07  0.000000e+00
2.800000e+07  0.000000e+00
3.000000e+07  0.000000e+00
3.200000e+07  0.000000e+00
3.400000e+07  0.000000e+00
3.600000e+07  0.000000e+00
3.800000e+07  0.000000e+00
4.000000e+07  0.000000e+00
4.200000e+07  0.000000e+00
4.400000e+07  0.000000e+00
4.600000e+07  0.000000e+00
4.800000e+07  0.000000e+00
5.000000e+07  0.000000e+00
5.500000e+07  0.000000e+00
6.000000e+07  0.000000e+00
6.500000e+07  0.000000e+00
7.000000e+07  0.000000e+00
8.000000e+07  0.000000e+00
9.000000e+07  0.000000e+00
1.000000e+08  0.000000e+00
1.100000e+08  0.000000e+00
1.200000e+08  0.000000e+00
1.300000e+08  0.000000e+00
1.400000e+08  0.000000e+00
1.500000e+08  4.796677e-03
2.000000e+08  5.178349e-03


# Production of B-12
# E_in [eV]   sigma[barns]
2.479400e+06  0.000000e+00
3.000000e+06  0.000000e+00
4.000000e+06  0.000000e+00
5.000000e+06  0.000000e+00
6.000000e+06  0.000000e+00
7.000000e+06  0.000000e+00
8.000000e+06  0.000000e+00
9.000000e+06  0.000000e+00
1.000000e+07  0.000000e+00
1.100000e+07  0.000000e+00
1.200000e+07  0.000000e+00
1.300000e+07  0.000000e+00
1.400000e+07  0.000000e+00
1.500000e+07  0.000000e+00
1.600000e+07  0.000000e+00
1.800000e+07  0.000000e+00
2.000000e+07  0.000000e+00
2.200000e+07  0.000000e+00
2.400000e+07  0.000000e+00
2.600000e+07  0.000000e+00
2.800000e+07  0.000000e+00
3.000000e+07  0.000000e+00
3.200000e+07  0.000000e+00
3.400000e+07  0.000000e+00
3.600000e+07  0.000000e+00
3.800000e+07  0.000000e+00
4.000000e+07  0.000000e+00
4.200000e+07  0.000000e+00
4.400000e+07  0.000000e+00
4.600000e+07  0.000000e+00
4.800000e+07  0.000000e+00
5.000000e+07  0.000000e+00
5.500000e+07  0.000000e+00
6.000000e+07  0.000000e+00
6.500000e+07  0.000000e+00
7.000000e+07  0.000000e+00
8.000000e+07  0.000000e+00
9.000000e+07  0.000000e+00
1.000000e+08  0.000000e+00
1.100000e+08  0.000000e+00
1.200000e+08  0.000000e+00
1.300000e+08  0.000000e+00
1.400000e+08  0.000000e+00
1.500000e+08  2.305531e-03
2.000000e+08  2.919961e-03


# Production of C-8
# E_in [eV]   sigma[barns]
2.479400e+06  0.000000e+00
3.000000e+06  0.000000e+00
4.000000e+06  0.000000e+00
5.000000e+06  0.000000e+00
6.000000e+06  0.000000e+00
7.000000e+06  0.000000e+00
8.000000e+06  0.000000e+00
9.000000e+06  0.000000e+00
1.000000e+07  0.000000e+00
1.100000e+07  0.000000e+00
1.200000e+07  0.000000e+00
1.300000e+07  0.000000e+00
1.400000e+07  0.000000e+00
1.500000e+07  0.000000e+00
1.600000e+07  0.000000e+00
1.800000e+07  0.000000e+00
2.000000e+07  0.000000e+00
2.200000e+07  0.000000e+00
2.400000e+07  0.000000e+00
2.600000e+07  0.000000e+00
2.800000e+07  0.000000e+00
3.000000e+07  0.000000e+00
3.200000e+07  0.000000e+00
3.400000e+07  0.000000e+00
3.600000e+07  0.000000e+00
3.800000e+07  0.000000e+00
4.000000e+07  0.000000e+00
4.200000e+07  0.000000e+00
4.400000e+07  0.000000e+00
4.600000e+07  0.000000e+00
4.800000e+07  0.000000e+00
5.000000e+07  0.000000e+00
5.500000e+07  0.000000e+00
6.000000e+07  0.000000e+00
6.500000e+07  0.000000e+00
7.000000e+07  0.000000e+00
8.000000e+07  0.000000e+00
9.000000e+07  0.000000e+00
1.000000e+08  0.000000e+00
1.100000e+08  0.000000e+00
1.200000e+08  0.000000e+00
1.300000e+08  0.000000e+00
1.400000e+08  0.000000e+00
1.500000e+08  3.419220e-05
2.000000e+08  4.825877e-05


# Production of C-9
# E_in [eV]   sigma[barns]
2.479400e+06  0.000000e+00
3.000000e+06  0.000000e+00
4.000000e+06  0.000000e+00
5.000000e+06  0.000000e+00
6.000000e+06  0.000000e+00
7.000000e+06  0.000000e+00
8.000000e+06  0.000000e+00
9.000000e+06  0.000000e+00
1.000000e+07  0.000000e+00
1.100000e+07  0.000000e+00
1.200000e+07  0.000000e+00
1.300000e+07  0.000000e+00
1.400000e+07  0.000000e+00
1.500000e+07  0.000000e+00
1.600000e+07  0.000000e+00
1.800000e+07  0.000000e+00
2.000000e+07  0.000000e+00
2.200000e+07  0.000000e+00
2.400000e+07  0.000000e+00
2.600000e+07  0.000000e+00
2.800000e+07  0.000000e+00
3.000000e+07  0.000000e+00
3.200000e+07  0.000000e+00
3.400000e+07  0.000000e+00
3.600000e+07  0.000000e+00
3.800000e+07  0.000000e+00
4.000000e+07  0.000000e+00
4.200000e+07  0.000000e+00
4.400000e+07  0.000000e+00
4.600000e+07  0.000000e+00
4.800000e+07  0.000000e+00
5.000000e+07  0.000000e+00
5.500000e+07  0.000000e+00
6.000000e+07  0.000000e+00
6.500000e+07  0.000000e+00
7.000000e+07  0.000000e+00
8.000000e+07  0.000000e+00
9.000000e+07  0.000000e+00
1.000000e+08  0.000000e+00
1.100000e+08  0.000000e+00
1.200000e+08  0.000000e+00
1.300000e+08  0.000000e+00
1.400000e+08  0.000000e+00
1.500000e+08  4.750274e-04
2.000000e+08  5.235160e-04


# Production of C-10
# E_in [eV]   sigma[barns]
1.720100e+07  0.000000e+00
1.800000e+07  2.156998e-05
2.000000e+07  7.210013e-05
2.200000e+07  9.713637e-04
2.400000e+07  1.826214e-03
2.600000e+07  2.433555e-03
2.800000e+07  2.811890e-03
3.000000e+07  2.940521e-03
3.200000e+07  2.709656e-03
3.400000e+07  2.494830e-03
3.600000e+07  2.293973e-03
3.800000e+07  2.105220e-03
4.000000e+07  1.927261e-03
4.200000e+07  1.758857e-03
4.400000e+07  1.598939e-03
4.600000e+07  1.446717e-03
4.800000e+07  1.301354e-03
5.000000e+07  1.162284e-03
5.500000e+07  1.175730e-03
6.000000e+07  1.190198e-03
6.500000e+07  1.431586e-03
7.000000e+07  1.659999e-03
8.000000e+07  2.085502e-03
9.000000e+07  2.419858e-03
1.000000e+08  2.736106e-03
1.100000e+08  2.953907e-03
1.200000e+08  3.166059e-03
1.300000e+08  3.189099e-03
1.400000e+08  3.214111e-03
1.500000e+08  3.240932e-03
2.000000e+08  3.269335e-03


# Production of C-11
# E_in [eV]   sigma[barns]
3.132300e+06  0.000000e+00
4.000000e+06  4.799694e-03
5.000000e+06  1.606518e-02
6.000000e+06  6.635202e-02
7.000000e+06  1.640512e-01
8.000000e+06  1.917979e-01
9.000000e+06  6.090745e-02
1.000000e+07  6.427350e-02
1.100000e+07  9.851198e-02
1.200000e+07  8.112753e-02
1.300000e+07  1.166017e-01
1.400000e+07  1.225991e-01
1.500000e+07  8.345737e-02
1.600000e+07  8.863601e-02
1.800000e+07  6.009819e-02
2.000000e+07  4.162980e-02
2.200000e+07  2.978778e-02
2.400000e+07  1.860109e-02
2.600000e+07  1.146254e-02
2.800000e+07  8.070104e-03
3.000000e+07  4.823224e-03
3.200000e+07  3.953189e-03
3.400000e+07  3.137699e-03
3.600000e+07  2.714129e-03
3.800000e+07  2.650052e-03
4.000000e+07  2.590987e-03
4.200000e+07  3.018522e-03
4.400000e+07  3.428524e-03
4.600000e+07  3.822811e-03
4.800000e+07  4.202590e-03
5.000000e+07  4.569310e-03
5.500000e+07  6.767911e-03
6.000000e+07  8.806078e-03
6.500000e+07  1.000604e-02
7.000000e+07  1.114506e-02
8.000000e+07  1.327707e-02
9.000000e+07  1.443521e-02
1.000000e+08  1.554693e-02
1.100000e+08  1.621508e-02
1.200000e+08  1.687711e-02
1.300000e+08  1.761903e-02
1.400000e+08  1.835599e-02
1.500000e+08  1.908902e-02
2.000000e+08  2.407285e-02


# Production of C-12
# E_in [eV]   sigma[barns]
2.479400e+06  0.000000e+00
3.000000e+06  0.000000e+00
4.000000e+06  0.000000e+00
5.000000e+06  0.000000e+00
6.000000e+06  0.000000e+00
7.000000e+06  0.000000e+00
8.000000e+06  0.000000e+00
9.000000e+06  0.000000e+00
1.000000e+07  0.000000e+00
1.100000e+07  0.000000e+00
1.200000e+07  0.000000e+00
1.300000e+07  0.000000e+00
1.400000e+07  0.000000e+00
1.500000e+07  0.000000e+00
1.600000e+07  0.000000e+00
1.800000e+07  0.000000e+00
2.000000e+07  0.000000e+00
2.200000e+07  0.000000e+00
2.400000e+07  0.000000e+00
2.600000e+07  0.000000e+00
2.800000e+07  0.000000e+00
3.000000e+07  0.000000e+00
3.200000e+07  0.000000e+00
3.400000e+07  0.000000e+00
3.600000e+07  0.000000e+00
3.800000e+07  0.000000e+00
4.000000e+07  0.000000e+00
4.200000e+07  0.000000e+00
4.400000e+07  0.000000e+00
4.600000e+07  0.000000e+00
4.800000e+07  0.000000e+00
5.000000e+07  0.000000e+00
5.500000e+07  0.000000e+00
6.000000e+07  0.000000e+00
6.500000e+07  0.000000e+00
7.000000e+07  0.000000e+00
8.000000e+07  0.000000e+00
9.000000e+07  0.000000e+00
1.000000e+08  0.000000e+00
1.100000e+08  0.000000e+00
1.200000e+08  0.000000e+00
1.300000e+08  0.000000e+00
1.400000e+08  0.000000e+00
1.500000e+08  4.640614e-02
2.000000e+08  4.567845e-02


# Production of C-13
# E_in [eV]   sigma[barns]
2.479400e+06  0.000000e+00
3.000000e+06  0.000000e+00
4.000000e+06  0.000000e+00
5.000000e+06  0.000000e+00
6.000000e+06  0.000000e+00
7.000000e+06  0.000000e+00
8.000000e+06  0.000000e+00
9.000000e+06  0.000000e+00
1.000000e+07  0.000000e+00
1.100000e+07  0.000000e+00
1.200000e+07  0.000000e+00
1.300000e+07  0.000000e+00
1.400000e+07  0.000000e+00
1.500000e+07  0.000000e+00
1.600000e+07  0.000000e+00
1.800000e+07  0.000000e+00
2.000000e+07  0.000000e+00
2.200000e+07  0.000000e+00
2.400000e+07  0.000000e+00
2.600000e+07  0.000000e+00
2.800000e+07  0.000000e+00
3.000000e+07  0.000000e+00
3.200000e+07  0.000000e+00
3.400000e+07  0.000000e+00
3.600000e+07  0.000000e+00
3.800000e+07  0.000000e+00
4.000000e+07  0.000000e+00
4.200000e+07  0.000000e+00
4.400000e+07  0.000000e+00
4.600000e+07  0.000000e+00
4.800000e+07  0.000000e+00
5.000000e+07  0.000000e+00
5.500000e+07  0.000000e+00
6.000000e+07  0.000000e+00
6.500000e+07  0.000000e+00
7.000000e+07  0.000000e+00
8.000000e+07  0.000000e+00
9.000000e+07  0.000000e+00
1.000000e+08  0.000000e+00
1.100000e+08  0.000000e+00
1.200000e+08  0.000000e+00
1.300000e+08  0.000000e+00
1.400000e+08  0.000000e+00
1.500000e+08  2.735987e-02
2.000000e+08  2.998336e-02


# Production of N-12
# E_in [eV]   sigma[barns]
2.479400e+06  0.000000e+00
3.000000e+06  0.000000e+00
4.000000e+06  0.000000e+00
5.000000e+06  0.000000e+00
6.000000e+06  0.000000e+00
7.000000e+06  0.000000e+00
8.000000e+06  0.000000e+00
9.000000e+06  0.000000e+00
1.000000e+07  0.000000e+00
1.100000e+07  0.000000e+00
1.200000e+07  0.000000e+00
1.300000e+07  0.000000e+00
1.400000e+07  0.000000e+00
1.500000e+07  0.000000e+00
1.600000e+07  0.000000e+00
1.800000e+07  0.000000e+00
2.000000e+07  0.000000e+00
2.200000e+07  0.000000e+00
2.400000e+07  0.000000e+00
2.600000e+07  0.000000e+00
2.800000e+07  0.000000e+00
3.000000e+07  0.000000e+00
3.200000e+07  0.000000e+00
3.400000e+07  0.000000e+00
3.600000e+07  0.000000e+00
3.800000e+07  0.000000e+00
4.000000e+07  0.000000e+00
4.200000e+07  0.000000e+00
4.400000e+07  0.000000e+00
4.600000e+07  0.000000e+00
4.800000e+07  0.000000e+00
5.000000e+07  0.000000e+00
5.500000e+07  0.000000e+00
6.000000e+07  0.000000e+00
6.500000e+07  0.000000e+00
7.000000e+07  0.000000e+00
8.000000e+07  0.000000e+00
9.000000e+07  0.000000e+00
1.000000e+08  0.000000e+00
1.100000e+08  0.000000e+00
1.200000e+08  0.000000e+00
1.300000e+08  0.000000e+00
1.400000e+08  0.000000e+00
1.500000e+08  6.956892e-03
2.000000e+08  7.109311e-03


# Production of N-13
# E_in [eV]   sigma[barns]
8.928000e+06  0.000000e+00
9.000000e+06  3.814578e-05
1.000000e+07  5.759404e-04
1.100000e+07  1.127308e-03
1.200000e+07  1.691018e-03
1.300000e+07  7.266940e-03
1.400000e+07  1.164510e-02
1.500000e+07  1.721646e-02
1.600000e+07  2.400480e-02
1.800000e+07  2.993105e-02
2.000000e+07  3.019383e-02
2.200000e+07  3.068975e-02
2.400000e+07  3.106988e-02
2.600000e+07  3.239523e-02
2.800000e+07  3.283924e-02
3.000000e+07  3.329984e-02
3.200000e+07  3.373711e-02
3.400000e+07  3.418064e-02
3.600000e+07  3.292307e-02
3.800000e+07  3.120050e-02
4.000000e+07  2.958479e-02
4.200000e+07  2.806331e-02
4.400000e+07  2.662504e-02
4.600000e+07  2.510222e-02
4.800000e+07  2.318146e-02
5.000000e+07  2.156390e-02
5.500000e+07  1.943117e-02
6.000000e+07  1.750000e-02
6.500000e+07  1.702498e-02
7.000000e+07  1.659999e-02
8.000000e+07  1.510886e-02
9.000000e+07  1.359818e-02
1.000000e+08  1.191948e-02
1.100000e+08  1.055651e-02
1.200000e+08  1.014130e-02
1.300000e+08  9.614595e-03
1.400000e+08  8.933201e-03
1.500000e+08  8.764926e-03
2.000000e+08  8.771646e-03


# Production of O-12
# E_in [eV]   sigma[barns]
2.479400e+06  0.000000e+00
3.000000e+06  0.000000e+00
4.000000e+06  0.000000e+00
5.000000e+06  0.000000e+00
6.000000e+06  0.000000e+00
7.000000e+06  0.000000e+00
8.000000e+06  0.000000e+00
9.000000e+06  0.000000e+00
1.000000e+07  0.000000e+00
1.100000e+07  0.000000e+00
1.200000e+07  0.000000e+00
1.300000e+07  0.000000e+00
1.400000e+07  0.000000e+00
1.500000e+07  0.000000e+00
1.600000e+07  0.000000e+00
1.800000e+07  0.000000e+00
2.000000e+07  0.000000e+00
2.200000e+07  0.000000e+00
2.400000e+07  0.000000e+00
2.600000e+07  0.000000e+00
2.800000e+07  0.000000e+00
3.000000e+07  0.000000e+00
3.200000e+07  0.000000e+00
3.400000e+07  0.000000e+00
3.600000e+07  0.000000e+00
3.800000e+07  0.000000e+00
4.000000e+07  0.000000e+00
4.200000e+07  0.000000e+00
4.400000e+07  0.000000e+00
4.600000e+07  0.000000e+00
4.800000e+07  0.000000e+00
5.000000e+07  0.000000e+00
5.500000e+07  0.000000e+00
6.000000e+07  0.000000e+00
6.500000e+07  0.000000e+00
7.000000e+07  0.000000e+00
8.000000e+07  0.000000e+00
9.000000e+07  0.000000e+00
1.000000e+08  0.000000e+00
1.100000e+08  0.000000e+00
1.200000e+08  0.000000e+00
1.300000e+08  0.000000e+00
1.400000e+08  0.000000e+00
1.500000e+08  9.512758e-04
2.000000e+08  9.156949e-04


# Production of O-13
# E_in [eV]   sigma[barns]
2.479400e+06  0.000000e+00
3.000000e+06  0.000000e+00
4.000000e+06  0.000000e+00
5.000000e+06  0.000000e+00
6.000000e+06  0.000000e+00
7.000000e+06  0.000000e+00
8.000000e+06  0.000000e+00
9.000000e+06  0.000000e+00
1.000000e+07  0.000000e+00
1.100000e+07  0.000000e+00
1.200000e+07  0.000000e+00
1.300000e+07  0.000000e+00
1.400000e+07  0.000000e+00
1.500000e+07  0.000000e+00
1.600000e+07  0.000000e+00
1.800000e+07  0.000000e+00
2.000000e+07  0.000000e+00
2.200000e+07  0.000000e+00
2.400000e+07  0.000000e+00
2.600000e+07  0.000000e+00
2.800000e+07  0.000000e+00
3.000000e+07  0.000000e+00
3.200000e+07  0.000000e+00
3.400000e+07  0.000000e+00
3.600000e+07  0.000000e+00
3.800000e+07  0.000000e+00
4.000000e+07  0.000000e+00
4.200000e+07  0.000000e+00
4.400000e+07  0.000000e+00
4.600000e+07  0.000000e+00
4.800000e+07  0.000000e+00
5.000000e+07  0.000000e+00
5.500000e+07  0.000000e+00
6.000000e+07  0.000000e+00
6.500000e+07  0.000000e+00
7.000000e+07  0.000000e+00
8.000000e+07  0.000000e+00
9.000000e+07  0.000000e+00
1.000000e+08  0.000000e+00
1.100000e+08  0.000000e+00
1.200000e+08  0.000000e+00
1.300000e+08  0.000000e+00
1.400000e+08  0.000000e+00
1.500000e+08  4.206886e-03
2.000000e+08  3.766029e-03


# Production of O-14
# E_in [eV]   sigma[barns]
6.353600e+06  0.000000e+00
7.000000e+06  3.896009e-02
8.000000e+06  1.021110e-01
9.000000e+06  9.216692e-02
1.000000e+07  1.127064e-01
1.100000e+07  8.049892e-02
1.200000e+07  1.087012e-01
1.300000e+07  1.036837e-01
1.400000e+07  9.583427e-02
1.500000e+07  8.872164e-02
1.600000e+07  8.812506e-02
1.800000e+07  8.742573e-02
2.000000e+07  8.722367e-02
2.200000e+07  7.900400e-02
2.400000e+07  7.133573e-02
2.600000e+07  6.412770e-02
2.800000e+07  5.730788e-02
3.000000e+07  5.082387e-02
3.200000e+07  4.754786e-02
3.400000e+07  4.450803e-02
3.600000e+07  4.167375e-02
3.800000e+07  3.901694e-02
4.000000e+07  3.651859e-02
4.200000e+07  3.416024e-02
4.400000e+07  3.192586e-02
4.600000e+07  2.980411e-02
4.800000e+07  2.778211e-02
5.000000e+07  2.585196e-02
5.500000e+07  2.328688e-02
6.000000e+07  2.096405e-02
6.500000e+07  1.950096e-02
7.000000e+07  1.815128e-02
8.000000e+07  1.573609e-02
9.000000e+07  1.422118e-02
1.000000e+08  1.285608e-02
1.100000e+08  1.201939e-02
1.200000e+08  1.124101e-02
1.300000e+08  1.053460e-02
1.400000e+08  9.854924e-03
1.500000e+08  9.198923e-03
2.000000e+08  7.532793e-03


# Production of gamma-rays
# E_in [eV]   sigma[barns]
2.479400e+06  0.000000e+00
3.000000e+06  4.588434e-01
4.000000e+06  1.688242e+00
5.000000e+06  2.763383e+00
6.000000e+06  3.684489e+00
7.000000e+06  3.868717e+00
8.000000e+06  3.945935e+00
9.000000e+06  4.138715e+00
1.000000e+07  4.245756e+00
1.100000e+07  3.859412e+00
1.200000e+07  3.557003e+00
1.300000e+07  3.142780e+00
1.400000e+07  2.616589e+00
1.500000e+07  2.154587e+00
1.600000e+07  2.093279e+00
1.800000e+07  1.850281e+00
2.000000e+07  1.627488e+00
2.200000e+07  1.478476e+00
2.400000e+07  1.374221e+00
2.600000e+07  1.283876e+00
2.800000e+07  1.264982e+00
3.000000e+07  1.247890e+00
3.200000e+07  1.183452e+00
3.400000e+07  1.129322e+00
3.600000e+07  1.067245e+00
3.800000e+07  1.015757e+00
4.000000e+07  9.717281e-01
4.200000e+07  9.441393e-01
4.400000e+07  9.190533e-01
4.600000e+07  9.298595e-01
4.800000e+07  9.663669e-01
5.000000e+07  8.237918e-01
5.500000e+07  8.472207e-01
6.000000e+07  8.053751e-01
6.500000e+07  7.912752e-01
7.000000e+07  7.755490e-01
8.000000e+07  7.315679e-01
9.000000e+07  6.704937e-01
1.000000e+08  6.234236e-01
1.100000e+08  5.860683e-01
1.200000e+08  5.788887e-01
1.300000e+08  5.782655e-01
1.400000e+08  5.603015e-01
1.500000e+08  5.303095e-01
2.000000e+08  6.420266e-01


